SCALE:                          9
edgefactor:                     16
NBFS:                           64
graph_generation:               0.088398
num_mpi_processes:              16
construction_time:              0.100771
min_time:                       0.000315905
firstquartile_time:             0.000341535
median_time:                    0.000379324
thirdquartile_time:             0.000389576
max_time:                       0.106922
mean_time:                      0.00206143
stddev_time:                    0.0133171
min_nedge:                      8192
firstquartile_nedge:            8192
median_nedge:                   8192
thirdquartile_nedge:            8192
max_nedge:                      8192
mean_nedge:                     8192
stddev_nedge:                   0
min_TEPS:                       76616.5
firstquartile_TEPS:             2.1028e+07
median_TEPS:                    2.15963e+07
thirdquartile_TEPS:             2.39859e+07
max_TEPS:                       2.59319e+07
harmonic_mean_TEPS:             3.97393e+06
harmonic_stddev_TEPS:           3.23438e+06
min_validate:                   0.113482
firstquartile_validate:         0.129998
median_validate:                0.147254
thirdquartile_validate:         0.168057
max_validate:                   0.807406
mean_validate:                  0.158945
stddev_validate:                0.0851459
