SCALE:                          15
edgefactor:                     16
NBFS:                           64
graph_generation:               0.0762548
num_mpi_processes:              16
construction_time:              0.10207
min_time:                       0.00344396
firstquartile_time:             0.00355089
median_time:                    0.00359905
thirdquartile_time:             0.00364935
max_time:                       0.029748
mean_time:                      0.00401809
stddev_time:                    0.00326866
min_nedge:                      524285
firstquartile_nedge:            524285
median_nedge:                   524285
thirdquartile_nedge:            524285
max_nedge:                      524285
mean_nedge:                     524285
stddev_nedge:                   0
min_TEPS:                       1.76242e+07
firstquartile_TEPS:             1.43665e+08
median_TEPS:                    1.45673e+08
thirdquartile_TEPS:             1.47649e+08
max_TEPS:                       1.52233e+08
harmonic_mean_TEPS:             1.30481e+08
harmonic_stddev_TEPS:           1.33729e+07
min_validate:                   23.4274
firstquartile_validate:         27.0513
median_validate:                27.4669
thirdquartile_validate:         28.3781
max_validate:                   30.0978
mean_validate:                  27.6163
stddev_validate:                1.21155
