SCALE:                          15
edgefactor:                     16
NBFS:                           64
graph_generation:               0.0742819
num_mpi_processes:              16
construction_time:              0.104493
min_time:                       0.00343108
firstquartile_time:             0.00354052
median_time:                    0.0035764
thirdquartile_time:             0.00363195
max_time:                       0.0262852
mean_time:                      0.00394046
stddev_time:                    0.0028388
min_nedge:                      524285
firstquartile_nedge:            524285
median_nedge:                   524285
thirdquartile_nedge:            524285
max_nedge:                      524285
mean_nedge:                     524285
stddev_nedge:                   0
min_TEPS:                       1.9946e+07
firstquartile_TEPS:             1.44354e+08
median_TEPS:                    1.46596e+08
thirdquartile_TEPS:             1.48082e+08
max_TEPS:                       1.52805e+08
harmonic_mean_TEPS:             1.33052e+08
harmonic_stddev_TEPS:           1.20764e+07
min_validate:                   23.3713
firstquartile_validate:         27.1106
median_validate:                27.7682
thirdquartile_validate:         28.4309
max_validate:                   30.2831
mean_validate:                  27.8339
stddev_validate:                1.36023
