SCALE:                          9
edgefactor:                     16
NBFS:                           64
graph_generation:               0.0242672
num_mpi_processes:              16
construction_time:              0.0590951
min_time:                       0.00031209
firstquartile_time:             0.000337601
median_time:                    0.000380039
thirdquartile_time:             0.00039053
max_time:                       0.021081
mean_time:                      0.000719953
stddev_time:                    0.0025941
min_nedge:                      8192
firstquartile_nedge:            8192
median_nedge:                   8192
thirdquartile_nedge:            8192
max_nedge:                      8192
mean_nedge:                     8192
stddev_nedge:                   0
min_TEPS:                       388597
firstquartile_TEPS:             2.09766e+07
median_TEPS:                    2.15557e+07
thirdquartile_TEPS:             2.42654e+07
max_TEPS:                       2.62488e+07
harmonic_mean_TEPS:             1.13785e+07
harmonic_stddev_TEPS:           5.16532e+06
min_validate:                   0.113797
firstquartile_validate:         0.128116
median_validate:                0.148312
thirdquartile_validate:         0.169173
max_validate:                   0.190428
mean_validate:                  0.148713
stddev_validate:                0.0227338
