SCALE:                          9
edgefactor:                     16
NBFS:                           64
graph_generation:               0.025214
num_mpi_processes:              16
construction_time:              0.0588992
min_time:                       0.000313044
firstquartile_time:             0.000337958
median_time:                    0.000380516
thirdquartile_time:             0.000389934
max_time:                       0.0205729
mean_time:                      0.000712696
stddev_time:                    0.00253106
min_nedge:                      8192
firstquartile_nedge:            8192
median_nedge:                   8192
thirdquartile_nedge:            8192
max_nedge:                      8192
mean_nedge:                     8192
stddev_nedge:                   0
min_TEPS:                       398194
firstquartile_TEPS:             2.10087e+07
median_TEPS:                    2.15287e+07
thirdquartile_TEPS:             2.42397e+07
max_TEPS:                       2.61689e+07
harmonic_mean_TEPS:             1.14944e+07
harmonic_stddev_TEPS:           5.14295e+06
min_validate:                   0.113195
firstquartile_validate:         0.128805
median_validate:                0.145631
thirdquartile_validate:         0.166423
max_validate:                   0.185705
mean_validate:                  0.147416
stddev_validate:                0.0211835
