SCALE:                          12
edgefactor:                     16
NBFS:                           64
graph_generation:               0.072989
num_mpi_processes:              16
construction_time:              0.12315
min_time:                       0.000840902
firstquartile_time:             0.000896931
median_time:                    0.000923038
thirdquartile_time:             0.000950575
max_time:                       0.0170612
mean_time:                      0.00118393
stddev_time:                    0.0020169
min_nedge:                      65535
firstquartile_nedge:            65535
median_nedge:                   65535
thirdquartile_nedge:            65535
max_nedge:                      65535
mean_nedge:                     65535
stddev_nedge:                   0
min_TEPS:                       3.84116e+06
firstquartile_TEPS:             6.89425e+07
median_TEPS:                    7.09993e+07
thirdquartile_TEPS:             7.30658e+07
max_TEPS:                       7.79341e+07
harmonic_mean_TEPS:             5.53536e+07
harmonic_stddev_TEPS:           1.18804e+07
min_validate:                   1.05839
firstquartile_validate:         1.29667
median_validate:                1.50284
thirdquartile_validate:         1.63694
max_validate:                   2.16098
mean_validate:                  1.48893
stddev_validate:                0.232357
