SCALE:                          12
edgefactor:                     16
NBFS:                           64
graph_generation:               0.030817
num_mpi_processes:              16
construction_time:              0.066921
min_time:                       0.000836134
firstquartile_time:             0.000894547
median_time:                    0.000923991
thirdquartile_time:             0.000946999
max_time:                       0.0259631
mean_time:                      0.00132251
stddev_time:                    0.0031294
min_nedge:                      65535
firstquartile_nedge:            65535
median_nedge:                   65535
thirdquartile_nedge:            65535
max_nedge:                      65535
mean_nedge:                     65535
stddev_nedge:                   0
min_TEPS:                       2.52416e+06
firstquartile_TEPS:             6.92028e+07
median_TEPS:                    7.0926e+07
thirdquartile_TEPS:             7.32606e+07
max_TEPS:                       7.83786e+07
harmonic_mean_TEPS:             4.95536e+07
harmonic_stddev_TEPS:           1.4773e+07
min_validate:                   1.06043
firstquartile_validate:         1.31245
median_validate:                1.46655
thirdquartile_validate:         1.63835
max_validate:                   2.44907
mean_validate:                  1.49144
stddev_validate:                0.245078
