SCALE:                          9
edgefactor:                     16
NBFS:                           64
graph_generation:               0.024591
num_mpi_processes:              16
construction_time:              0.058825
min_time:                       0.000310898
firstquartile_time:             0.000337958
median_time:                    0.000380993
thirdquartile_time:             0.000391006
max_time:                       0.0172238
mean_time:                      0.000656061
stddev_time:                    0.00211147
min_nedge:                      8192
firstquartile_nedge:            8192
median_nedge:                   8192
thirdquartile_nedge:            8192
max_nedge:                      8192
mean_nedge:                     8192
stddev_nedge:                   0
min_TEPS:                       475620
firstquartile_TEPS:             2.09511e+07
median_TEPS:                    2.15017e+07
thirdquartile_TEPS:             2.42397e+07
max_TEPS:                       2.63495e+07
harmonic_mean_TEPS:             1.24866e+07
harmonic_stddev_TEPS:           5.06309e+06
min_validate:                   0.113287
firstquartile_validate:         0.127081
median_validate:                0.143685
thirdquartile_validate:         0.165552
max_validate:                   0.186383
mean_validate:                  0.146505
stddev_validate:                0.0217134
