SCALE:                          9
edgefactor:                     16
NBFS:                           64
graph_generation:               0.110367
num_mpi_processes:              16
construction_time:              0.112879
min_time:                       0.000310898
firstquartile_time:             0.000341654
median_time:                    0.00038147
thirdquartile_time:             0.000393629
max_time:                       0.097074
mean_time:                      0.00190674
stddev_time:                    0.012086
min_nedge:                      8192
firstquartile_nedge:            8192
median_nedge:                   8192
thirdquartile_nedge:            8192
max_nedge:                      8192
mean_nedge:                     8192
stddev_nedge:                   0
min_TEPS:                       84389.2
firstquartile_TEPS:             2.08115e+07
median_TEPS:                    2.14748e+07
thirdquartile_TEPS:             2.39775e+07
max_TEPS:                       2.63495e+07
harmonic_mean_TEPS:             4.29634e+06
harmonic_stddev_TEPS:           3.43099e+06
min_validate:                   0.135312
firstquartile_validate:         0.151249
median_validate:                0.171498
thirdquartile_validate:         0.988955
max_validate:                   1.14343
mean_validate:                  0.470968
stddev_validate:                0.41957
