SCALE:                          9
edgefactor:                     16
NBFS:                           64
graph_generation:               0.0262859
num_mpi_processes:              16
construction_time:              0.057934
min_time:                       0.000303984
firstquartile_time:             0.000335932
median_time:                    0.000378489
thirdquartile_time:             0.00039196
max_time:                       0.019299
mean_time:                      0.000692263
stddev_time:                    0.00237402
min_nedge:                      8192
firstquartile_nedge:            8192
median_nedge:                   8192
thirdquartile_nedge:            8192
max_nedge:                      8192
mean_nedge:                     8192
stddev_nedge:                   0
min_TEPS:                       424477
firstquartile_TEPS:             2.09001e+07
median_TEPS:                    2.16439e+07
thirdquartile_TEPS:             2.43859e+07
max_TEPS:                       2.69488e+07
harmonic_mean_TEPS:             1.18336e+07
harmonic_stddev_TEPS:           5.11283e+06
min_validate:                   0.113162
firstquartile_validate:         0.130064
median_validate:                0.146599
thirdquartile_validate:         0.167292
max_validate:                   0.188211
mean_validate:                  0.147757
stddev_validate:                0.0213321
