SCALE:                          12
edgefactor:                     16
NBFS:                           64
graph_generation:               0.0918028
num_mpi_processes:              16
construction_time:              0.0862169
min_time:                       0.000829935
firstquartile_time:             0.00090003
median_time:                    0.000923634
thirdquartile_time:             0.000954509
max_time:                       0.093272
mean_time:                      0.00237457
stddev_time:                    0.0115426
min_nedge:                      65535
firstquartile_nedge:            65535
median_nedge:                   65535
thirdquartile_nedge:            65535
max_nedge:                      65535
mean_nedge:                     65535
stddev_nedge:                   0
min_TEPS:                       702623
firstquartile_TEPS:             6.86584e+07
median_TEPS:                    7.09535e+07
thirdquartile_TEPS:             7.28142e+07
max_TEPS:                       7.8964e+07
harmonic_mean_TEPS:             2.75987e+07
harmonic_stddev_TEPS:           1.6902e+07
min_validate:                   1.06175
firstquartile_validate:         1.28529
median_validate:                1.47408
thirdquartile_validate:         1.59707
max_validate:                   1.9624
mean_validate:                  1.45828
stddev_validate:                0.197832
