SCALE:                          12
edgefactor:                     16
NBFS:                           64
graph_generation:               0.0564122
num_mpi_processes:              2
construction_time:              0.076592
min_time:                       0.00209188
firstquartile_time:             0.00212705
median_time:                    0.00213504
thirdquartile_time:             0.00215697
max_time:                       0.077312
mean_time:                      0.0033166
stddev_time:                    0.0093963
min_nedge:                      65535
firstquartile_nedge:            65535
median_nedge:                   65535
thirdquartile_nedge:            65535
max_nedge:                      65535
mean_nedge:                     65535
stddev_nedge:                   0
min_TEPS:                       847669
firstquartile_TEPS:             3.03829e+07
median_TEPS:                    3.0695e+07
thirdquartile_TEPS:             3.08103e+07
max_TEPS:                       3.13282e+07
harmonic_mean_TEPS:             1.97597e+07
harmonic_stddev_TEPS:           7.053e+06
min_validate:                   0.832943
firstquartile_validate:         1.00558
median_validate:                1.16736
thirdquartile_validate:         1.37239
max_validate:                   1.69585
mean_validate:                  1.20376
stddev_validate:                0.239174
