SCALE:                          9
edgefactor:                     16
NBFS:                           64
graph_generation:               0.0147231
num_mpi_processes:              2
construction_time:              0.00196505
min_time:                       0.000295162
firstquartile_time:             0.000307441
median_time:                    0.000315905
thirdquartile_time:             0.000320196
max_time:                       0.000339031
mean_time:                      0.000314593
stddev_time:                    9.11927e-06
min_nedge:                      8192
firstquartile_nedge:            8192
median_nedge:                   8192
thirdquartile_nedge:            8192
max_nedge:                      8192
mean_nedge:                     8192
stddev_nedge:                   0
min_TEPS:                       2.4163e+07
firstquartile_TEPS:             2.55843e+07
median_TEPS:                    2.59319e+07
thirdquartile_TEPS:             2.66458e+07
max_TEPS:                       2.77542e+07
harmonic_mean_TEPS:             2.604e+07
harmonic_stddev_TEPS:           95100
min_validate:                   0.0865669
firstquartile_validate:         0.104463
median_validate:                0.125491
thirdquartile_validate:         0.150698
max_validate:                   0.182041
mean_validate:                  0.127421
stddev_validate:                0.0273587
