SCALE:                          9
edgefactor:                     16
NBFS:                           64
graph_generation:               0.014215
num_mpi_processes:              2
construction_time:              0.00184894
min_time:                       0.00029397
firstquartile_time:             0.000307918
median_time:                    0.000313044
thirdquartile_time:             0.000319481
max_time:                       0.000334978
mean_time:                      0.000313062
stddev_time:                    8.60274e-06
min_nedge:                      8192
firstquartile_nedge:            8192
median_nedge:                   8192
thirdquartile_nedge:            8192
max_nedge:                      8192
mean_nedge:                     8192
stddev_nedge:                   0
min_TEPS:                       2.44553e+07
firstquartile_TEPS:             2.56416e+07
median_TEPS:                    2.61689e+07
thirdquartile_TEPS:             2.66045e+07
max_TEPS:                       2.78668e+07
harmonic_mean_TEPS:             2.61673e+07
harmonic_stddev_TEPS:           90593.1
min_validate:                   0.0855789
firstquartile_validate:         0.103744
median_validate:                0.125827
thirdquartile_validate:         0.150306
max_validate:                   0.186185
mean_validate:                  0.127517
stddev_validate:                0.0279583
