SCALE:                          9
edgefactor:                     16
NBFS:                           64
graph_generation:               0.0140328
num_mpi_processes:              2
construction_time:              0.00197721
min_time:                       0.000299931
firstquartile_time:             0.000307083
median_time:                    0.000314951
thirdquartile_time:             0.000320911
max_time:                       0.000336885
mean_time:                      0.000314374
stddev_time:                    9.04144e-06
min_nedge:                      8192
firstquartile_nedge:            8192
median_nedge:                   8192
thirdquartile_nedge:            8192
max_nedge:                      8192
mean_nedge:                     8192
stddev_nedge:                   0
min_TEPS:                       2.43169e+07
firstquartile_TEPS:             2.55273e+07
median_TEPS:                    2.60104e+07
thirdquartile_TEPS:             2.66768e+07
max_TEPS:                       2.7313e+07
harmonic_mean_TEPS:             2.60582e+07
harmonic_stddev_TEPS:           94420.3
min_validate:                   0.0853648
firstquartile_validate:         0.104098
median_validate:                0.12275
thirdquartile_validate:         0.150151
max_validate:                   0.4675
mean_validate:                  0.130824
stddev_validate:                0.0502837
