SCALE:                          9
edgefactor:                     16
NBFS:                           64
graph_generation:               0.0136352
num_mpi_processes:              2
construction_time:              0.00198197
min_time:                       0.000296116
firstquartile_time:             0.000306964
median_time:                    0.000314951
thirdquartile_time:             0.000317574
max_time:                       0.000333071
mean_time:                      0.000313073
stddev_time:                    8.6901e-06
min_nedge:                      8192
firstquartile_nedge:            8192
median_nedge:                   8192
thirdquartile_nedge:            8192
max_nedge:                      8192
mean_nedge:                     8192
stddev_nedge:                   0
min_TEPS:                       2.45954e+07
firstquartile_TEPS:             2.57956e+07
median_TEPS:                    2.60104e+07
thirdquartile_TEPS:             2.66872e+07
max_TEPS:                       2.76648e+07
harmonic_mean_TEPS:             2.61664e+07
harmonic_stddev_TEPS:           91506.5
min_validate:                   0.0849411
firstquartile_validate:         0.103073
median_validate:                0.12376
thirdquartile_validate:         0.151003
max_validate:                   0.181518
mean_validate:                  0.126677
stddev_validate:                0.0277807
