SCALE:                          15
edgefactor:                     16
NBFS:                           64
graph_generation:               0.0688961
num_mpi_processes:              8
construction_time:              0.0834091
min_time:                       0.00538206
firstquartile_time:             0.00547457
median_time:                    0.00558996
thirdquartile_time:             0.00570202
max_time:                       0.00688696
mean_time:                      0.00562311
stddev_time:                    0.000217921
min_nedge:                      524285
firstquartile_nedge:            524285
median_nedge:                   524285
thirdquartile_nedge:            524285
max_nedge:                      524285
mean_nedge:                     524285
stddev_nedge:                   0
min_TEPS:                       7.61272e+07
firstquartile_TEPS:             9.19473e+07
median_TEPS:                    9.37904e+07
thirdquartile_TEPS:             9.57674e+07
max_TEPS:                       9.74134e+07
harmonic_mean_TEPS:             9.32376e+07
harmonic_stddev_TEPS:           455242
min_validate:                   32.6031
firstquartile_validate:         38.2039
median_validate:                39.0739
thirdquartile_validate:         57.8505
max_validate:                   59.4382
mean_validate:                  45.298
stddev_validate:                9.85568
