SCALE:                          15
edgefactor:                     16
NBFS:                           64
graph_generation:               0.070399
num_mpi_processes:              8
construction_time:              0.0834191
min_time:                       0.00538397
firstquartile_time:             0.0054605
median_time:                    0.00550652
thirdquartile_time:             0.0055871
max_time:                       0.00683594
mean_time:                      0.00555189
stddev_time:                    0.000193803
min_nedge:                      524285
firstquartile_nedge:            524285
median_nedge:                   524285
thirdquartile_nedge:            524285
max_nedge:                      524285
mean_nedge:                     524285
stddev_nedge:                   0
min_TEPS:                       7.66954e+07
firstquartile_TEPS:             9.38385e+07
median_TEPS:                    9.52118e+07
thirdquartile_TEPS:             9.60141e+07
max_TEPS:                       9.73789e+07
harmonic_mean_TEPS:             9.44336e+07
harmonic_stddev_TEPS:           415314
min_validate:                   32.6822
firstquartile_validate:         37.7611
median_validate:                38.9292
thirdquartile_validate:         40.8049
max_validate:                   42.5354
mean_validate:                  39.065
stddev_validate:                2.03205
