SCALE:                          9
edgefactor:                     16
NBFS:                           64
graph_generation:               0.013932
num_mpi_processes:              2
construction_time:              0.00198483
min_time:                       0.000296831
firstquartile_time:             0.000306487
median_time:                    0.000313044
thirdquartile_time:             0.000317574
max_time:                       0.000330925
mean_time:                      0.000312395
stddev_time:                    8.54952e-06
min_nedge:                      8192
firstquartile_nedge:            8192
median_nedge:                   8192
thirdquartile_nedge:            8192
max_nedge:                      8192
mean_nedge:                     8192
stddev_nedge:                   0
min_TEPS:                       2.47549e+07
firstquartile_TEPS:             2.57956e+07
median_TEPS:                    2.61689e+07
thirdquartile_TEPS:             2.67287e+07
max_TEPS:                       2.75982e+07
harmonic_mean_TEPS:             2.62232e+07
harmonic_stddev_TEPS:           90417.4
min_validate:                   0.0850801
firstquartile_validate:         0.103863
median_validate:                0.124429
thirdquartile_validate:         0.150125
max_validate:                   0.182291
mean_validate:                  0.127221
stddev_validate:                0.027859
