SCALE:                          15
edgefactor:                     16
NBFS:                           64
graph_generation:               0.102482
num_mpi_processes:              8
construction_time:              0.0835061
min_time:                       0.0054059
firstquartile_time:             0.005476
median_time:                    0.0055244
thirdquartile_time:             0.00558937
max_time:                       0.0068059
mean_time:                      0.00555927
stddev_time:                    0.00018604
min_nedge:                      524285
firstquartile_nedge:            524285
median_nedge:                   524285
thirdquartile_nedge:            524285
max_nedge:                      524285
mean_nedge:                     524285
stddev_nedge:                   0
min_TEPS:                       7.70339e+07
firstquartile_TEPS:             9.38004e+07
median_TEPS:                    9.49036e+07
thirdquartile_TEPS:             9.57424e+07
max_TEPS:                       9.69838e+07
harmonic_mean_TEPS:             9.43083e+07
harmonic_stddev_TEPS:           397621
min_validate:                   32.7926
firstquartile_validate:         38.0496
median_validate:                39.001
thirdquartile_validate:         40.6848
max_validate:                   42.845
mean_validate:                  39.2507
stddev_validate:                2.13889
