SCALE:                          15
edgefactor:                     16
NBFS:                           64
graph_generation:               0.0689621
num_mpi_processes:              8
construction_time:              0.0739379
min_time:                       0.00538301
firstquartile_time:             0.00545394
median_time:                    0.0055114
thirdquartile_time:             0.00557399
max_time:                       0.00678992
mean_time:                      0.00554271
stddev_time:                    0.00018582
min_nedge:                      524285
firstquartile_nedge:            524285
median_nedge:                   524285
thirdquartile_nedge:            524285
max_nedge:                      524285
mean_nedge:                     524285
stddev_nedge:                   0
min_TEPS:                       7.72152e+07
firstquartile_TEPS:             9.40592e+07
median_TEPS:                    9.51273e+07
thirdquartile_TEPS:             9.61295e+07
max_TEPS:                       9.73962e+07
harmonic_mean_TEPS:             9.459e+07
harmonic_stddev_TEPS:           399527
min_validate:                   32.5057
firstquartile_validate:         37.8255
median_validate:                38.903
thirdquartile_validate:         40.3384
max_validate:                   42.6347
mean_validate:                  39.0439
stddev_validate:                1.95565
