SCALE:                          9
edgefactor:                     16
NBFS:                           64
graph_generation:               0.0144711
num_mpi_processes:              2
construction_time:              0.00195789
min_time:                       0.00029707
firstquartile_time:             0.000310183
median_time:                    0.00031805
thirdquartile_time:             0.000322104
max_time:                       0.000338793
mean_time:                      0.000316858
stddev_time:                    9.29857e-06
min_nedge:                      8192
firstquartile_nedge:            8192
median_nedge:                   8192
thirdquartile_nedge:            8192
max_nedge:                      8192
mean_nedge:                     8192
stddev_nedge:                   0
min_TEPS:                       2.418e+07
firstquartile_TEPS:             2.54328e+07
median_TEPS:                    2.57569e+07
thirdquartile_TEPS:             2.64103e+07
max_TEPS:                       2.7576e+07
harmonic_mean_TEPS:             2.58538e+07
harmonic_stddev_TEPS:           95588.5
min_validate:                   0.087357
firstquartile_validate:         0.104617
median_validate:                0.124677
thirdquartile_validate:         0.152444
max_validate:                   0.18749
mean_validate:                  0.128381
stddev_validate:                0.0291934
