SCALE:                          12
edgefactor:                     16
NBFS:                           64
graph_generation:               0.0194509
num_mpi_processes:              2
construction_time:              0.0126741
min_time:                       0.00208998
firstquartile_time:             0.0021255
median_time:                    0.0021379
thirdquartile_time:             0.00215757
max_time:                       0.00236607
mean_time:                      0.00214507
stddev_time:                    4.02354e-05
min_nedge:                      65535
firstquartile_nedge:            65535
median_nedge:                   65535
thirdquartile_nedge:            65535
max_nedge:                      65535
mean_nedge:                     65535
stddev_nedge:                   0
min_TEPS:                       2.76979e+07
firstquartile_TEPS:             3.03745e+07
median_TEPS:                    3.06539e+07
thirdquartile_TEPS:             3.08327e+07
max_TEPS:                       3.13568e+07
harmonic_mean_TEPS:             3.05514e+07
harmonic_stddev_TEPS:           72198.3
min_validate:                   0.821029
firstquartile_validate:         1.00538
median_validate:                1.15925
thirdquartile_validate:         1.38007
max_validate:                   1.79252
mean_validate:                  1.19437
stddev_validate:                0.233854
