SCALE:                          15
edgefactor:                     16
NBFS:                           64
graph_generation:               0.0698111
num_mpi_processes:              8
construction_time:              0.0739908
min_time:                       0.00538898
firstquartile_time:             0.00556445
median_time:                    0.00561154
thirdquartile_time:             0.00570846
max_time:                       0.00674486
mean_time:                      0.00565312
stddev_time:                    0.000210121
min_nedge:                      524285
firstquartile_nedge:            524285
median_nedge:                   524285
thirdquartile_nedge:            524285
max_nedge:                      524285
mean_nedge:                     524285
stddev_nedge:                   0
min_TEPS:                       7.7731e+07
firstquartile_TEPS:             9.18436e+07
median_TEPS:                    9.34298e+07
thirdquartile_TEPS:             9.42204e+07
max_TEPS:                       9.72884e+07
harmonic_mean_TEPS:             9.27426e+07
harmonic_stddev_TEPS:           434301
min_validate:                   32.8195
firstquartile_validate:         37.937
median_validate:                55.1622
thirdquartile_validate:         57.6215
max_validate:                   59.6925
mean_validate:                  49.9373
stddev_validate:                9.67056
