SCALE:                          15
edgefactor:                     16
NBFS:                           64
graph_generation:               0.0695131
num_mpi_processes:              8
construction_time:              0.083473
min_time:                       0.00539088
firstquartile_time:             0.00546849
median_time:                    0.00551486
thirdquartile_time:             0.00558293
max_time:                       0.00682807
mean_time:                      0.00555409
stddev_time:                    0.000192302
min_nedge:                      524285
firstquartile_nedge:            524285
median_nedge:                   524285
thirdquartile_nedge:            524285
max_nedge:                      524285
mean_nedge:                     524285
stddev_nedge:                   0
min_TEPS:                       7.67838e+07
firstquartile_TEPS:             9.39086e+07
median_TEPS:                    9.50677e+07
thirdquartile_TEPS:             9.58739e+07
max_TEPS:                       9.7254e+07
harmonic_mean_TEPS:             9.43962e+07
harmonic_stddev_TEPS:           411771
min_validate:                   32.8866
firstquartile_validate:         37.9995
median_validate:                38.969
thirdquartile_validate:         40.611
max_validate:                   42.6177
mean_validate:                  39.1352
stddev_validate:                2.01871
