SCALE:                          15
edgefactor:                     16
NBFS:                           64
graph_generation:               0.069201
num_mpi_processes:              8
construction_time:              0.073993
min_time:                       0.00539899
firstquartile_time:             0.00546849
median_time:                    0.00552845
thirdquartile_time:             0.00559247
max_time:                       0.00677586
mean_time:                      0.00557937
stddev_time:                    0.000232265
min_nedge:                      524285
firstquartile_nedge:            524285
median_nedge:                   524285
thirdquartile_nedge:            524285
max_nedge:                      524285
mean_nedge:                     524285
stddev_nedge:                   0
min_TEPS:                       7.73755e+07
firstquartile_TEPS:             9.37485e+07
median_TEPS:                    9.4834e+07
thirdquartile_TEPS:             9.58739e+07
max_TEPS:                       9.7108e+07
harmonic_mean_TEPS:             9.39685e+07
harmonic_stddev_TEPS:           492845
min_validate:                   32.4897
firstquartile_validate:         38.0131
median_validate:                39.0549
thirdquartile_validate:         41.0554
max_validate:                   57.7516
mean_validate:                  39.4545
stddev_validate:                3.15329
