SCALE:                          9
edgefactor:                     16
NBFS:                           64
graph_generation:               0.014647
num_mpi_processes:              2
construction_time:              0.00196695
min_time:                       0.000296831
firstquartile_time:             0.00030899
median_time:                    0.00031507
thirdquartile_time:             0.000320435
max_time:                       0.00033617
mean_time:                      0.000315435
stddev_time:                    8.76263e-06
min_nedge:                      8192
firstquartile_nedge:            8192
median_nedge:                   8192
thirdquartile_nedge:            8192
max_nedge:                      8192
mean_nedge:                     8192
stddev_nedge:                   0
min_TEPS:                       2.43686e+07
firstquartile_TEPS:             2.55653e+07
median_TEPS:                    2.60006e+07
thirdquartile_TEPS:             2.65121e+07
max_TEPS:                       2.75982e+07
harmonic_mean_TEPS:             2.59705e+07
harmonic_stddev_TEPS:           90893.7
min_validate:                   0.0860469
firstquartile_validate:         0.106387
median_validate:                0.125749
thirdquartile_validate:         0.150646
max_validate:                   0.185958
mean_validate:                  0.128316
stddev_validate:                0.0279831
