SCALE:                          12
edgefactor:                     16
NBFS:                           64
graph_generation:               0.01914
num_mpi_processes:              2
construction_time:              0.011986
min_time:                       0.00207686
firstquartile_time:             0.00211644
median_time:                    0.00212646
thirdquartile_time:             0.00214493
max_time:                       0.0023551
mean_time:                      0.00213387
stddev_time:                    3.88608e-05
min_nedge:                      65535
firstquartile_nedge:            65535
median_nedge:                   65535
thirdquartile_nedge:            65535
max_nedge:                      65535
mean_nedge:                     65535
stddev_nedge:                   0
min_TEPS:                       2.78269e+07
firstquartile_TEPS:             3.05534e+07
median_TEPS:                    3.08189e+07
thirdquartile_TEPS:             3.09647e+07
max_TEPS:                       3.15548e+07
harmonic_mean_TEPS:             3.07118e+07
harmonic_stddev_TEPS:           70465.7
min_validate:                   0.823874
firstquartile_validate:         0.989075
median_validate:                1.1731
thirdquartile_validate:         1.4039
max_validate:                   1.67309
mean_validate:                  1.19631
stddev_validate:                0.237215
