SCALE:                          15
edgefactor:                     16
NBFS:                           64
graph_generation:               0.0606799
num_mpi_processes:              2
construction_time:              0.0735641
min_time:                       0.0160689
firstquartile_time:             0.0161624
median_time:                    0.0162414
thirdquartile_time:             0.0163615
max_time:                       0.016928
mean_time:                      0.0163357
stddev_time:                    0.000241121
min_nedge:                      524285
firstquartile_nedge:            524285
median_nedge:                   524285
thirdquartile_nedge:            524285
max_nedge:                      524285
mean_nedge:                     524285
stddev_nedge:                   0
min_TEPS:                       3.09715e+07
firstquartile_TEPS:             3.20439e+07
median_TEPS:                    3.22807e+07
thirdquartile_TEPS:             3.24386e+07
max_TEPS:                       3.26272e+07
harmonic_mean_TEPS:             3.20944e+07
harmonic_stddev_TEPS:           59683.6
min_validate:                   33.988
firstquartile_validate:         37.959
median_validate:                40.6113
thirdquartile_validate:         44.7253
max_validate:                   58.3639
mean_validate:                  42.7574
stddev_validate:                7.03156
