SCALE:                          15
edgefactor:                     16
NBFS:                           64
graph_generation:               0.0695488
num_mpi_processes:              8
construction_time:              0.073833
min_time:                       0.00537205
firstquartile_time:             0.00551748
median_time:                    0.00567448
thirdquartile_time:             0.00582814
max_time:                       0.00670314
mean_time:                      0.00568466
stddev_time:                    0.000216748
min_nedge:                      524285
firstquartile_nedge:            524285
median_nedge:                   524285
thirdquartile_nedge:            524285
max_nedge:                      524285
mean_nedge:                     524285
stddev_nedge:                   0
min_TEPS:                       7.82149e+07
firstquartile_TEPS:             8.99575e+07
median_TEPS:                    9.23935e+07
thirdquartile_TEPS:             9.50225e+07
max_TEPS:                       9.7595e+07
harmonic_mean_TEPS:             9.2228e+07
harmonic_stddev_TEPS:           443040
min_validate:                   32.4572
firstquartile_validate:         38.0302
median_validate:                38.864
thirdquartile_validate:         56.7713
max_validate:                   58.8004
mean_validate:                  44.1892
stddev_validate:                9.081
