SCALE:                          15
edgefactor:                     16
NBFS:                           64
graph_generation:               0.059767
num_mpi_processes:              2
construction_time:              0.0842738
min_time:                       0.0162361
firstquartile_time:             0.016333
median_time:                    0.0164285
thirdquartile_time:             0.0166221
max_time:                       0.016948
mean_time:                      0.0164858
stddev_time:                    0.000187086
min_nedge:                      524285
firstquartile_nedge:            524285
median_nedge:                   524285
thirdquartile_nedge:            524285
max_nedge:                      524285
mean_nedge:                     524285
stddev_nedge:                   0
min_TEPS:                       3.09349e+07
firstquartile_TEPS:             3.15415e+07
median_TEPS:                    3.19132e+07
thirdquartile_TEPS:             3.20998e+07
max_TEPS:                       3.22914e+07
harmonic_mean_TEPS:             3.18021e+07
harmonic_stddev_TEPS:           45469
min_validate:                   34.8273
firstquartile_validate:         39.801
median_validate:                41.8676
thirdquartile_validate:         50.5575
max_validate:                   57.588
mean_validate:                  44.6607
stddev_validate:                7.07651
