SCALE:                          15
edgefactor:                     16
NBFS:                           64
graph_generation:               0.066577
num_mpi_processes:              4
construction_time:              0.073873
min_time:                       0.00968289
firstquartile_time:             0.00979793
median_time:                    0.00988209
thirdquartile_time:             0.010016
max_time:                       0.0104809
mean_time:                      0.00992196
stddev_time:                    0.000165119
min_nedge:                      524285
firstquartile_nedge:            524285
median_nedge:                   524285
thirdquartile_nedge:            524285
max_nedge:                      524285
mean_nedge:                     524285
stddev_nedge:                   0
min_TEPS:                       5.0023e+07
firstquartile_TEPS:             5.23449e+07
median_TEPS:                    5.3054e+07
thirdquartile_TEPS:             5.35098e+07
max_TEPS:                       5.41455e+07
harmonic_mean_TEPS:             5.28409e+07
harmonic_stddev_TEPS:           110790
min_validate:                   47.7948
firstquartile_validate:         58.511
median_validate:                63.7269
thirdquartile_validate:         89.6731
max_validate:                   93.8733
mean_validate:                  71.8101
stddev_validate:                16.2628
