SCALE:                          12
edgefactor:                     16
NBFS:                           64
graph_generation:               0.0240412
num_mpi_processes:              4
construction_time:              0.01404
min_time:                       0.001405
firstquartile_time:             0.00142813
median_time:                    0.00143504
thirdquartile_time:             0.0014559
max_time:                       0.00183201
mean_time:                      0.00145027
stddev_time:                    5.90385e-05
min_nedge:                      65535
firstquartile_nedge:            65535
median_nedge:                   65535
thirdquartile_nedge:            65535
max_nedge:                      65535
mean_nedge:                     65535
stddev_nedge:                   0
min_TEPS:                       3.57722e+07
firstquartile_TEPS:             4.50133e+07
median_TEPS:                    4.56677e+07
thirdquartile_TEPS:             4.58888e+07
max_TEPS:                       4.66441e+07
harmonic_mean_TEPS:             4.51882e+07
harmonic_stddev_TEPS:           231762
min_validate:                   1.03216
firstquartile_validate:         1.22484
median_validate:                1.42323
thirdquartile_validate:         1.60844
max_validate:                   2.00104
mean_validate:                  1.42304
stddev_validate:                0.220173
