SCALE:                          9
edgefactor:                     16
NBFS:                           64
graph_generation:               0.019206
num_mpi_processes:              4
construction_time:              0.00422406
min_time:                       0.000228882
firstquartile_time:             0.000243545
median_time:                    0.000256896
thirdquartile_time:             0.000265837
max_time:                       0.000283957
mean_time:                      0.000255123
stddev_time:                    1.3583e-05
min_nedge:                      8192
firstquartile_nedge:            8192
median_nedge:                   8192
thirdquartile_nedge:            8192
max_nedge:                      8192
mean_nedge:                     8192
stddev_nedge:                   0
min_TEPS:                       2.88495e+07
firstquartile_TEPS:             3.08159e+07
median_TEPS:                    3.18884e+07
thirdquartile_TEPS:             3.36366e+07
max_TEPS:                       3.57914e+07
harmonic_mean_TEPS:             3.211e+07
harmonic_stddev_TEPS:           215385
min_validate:                   0.096658
firstquartile_validate:         0.113694
median_validate:                0.132357
thirdquartile_validate:         0.155738
max_validate:                   0.178785
mean_validate:                  0.134212
stddev_validate:                0.0235622
