SCALE:                          9
edgefactor:                     16
NBFS:                           64
graph_generation:               0.0825109
num_mpi_processes:              4
construction_time:              0.071903
min_time:                       0.000226021
firstquartile_time:             0.000246048
median_time:                    0.000256538
thirdquartile_time:             0.000262976
max_time:                       0.097698
mean_time:                      0.00177653
stddev_time:                    0.0121805
min_nedge:                      8192
firstquartile_nedge:            8192
median_nedge:                   8192
thirdquartile_nedge:            8192
max_nedge:                      8192
mean_nedge:                     8192
stddev_nedge:                   0
min_TEPS:                       83850.3
firstquartile_TEPS:             3.11512e+07
median_TEPS:                    3.19328e+07
thirdquartile_TEPS:             3.32943e+07
max_TEPS:                       3.62444e+07
harmonic_mean_TEPS:             4.61124e+06
harmonic_stddev_TEPS:           3.98328e+06
min_validate:                   0.101805
firstquartile_validate:         0.119725
median_validate:                0.135286
thirdquartile_validate:         0.158048
max_validate:                   1.1244
mean_validate:                  0.187969
stddev_validate:                0.209585
