SCALE:                          15
edgefactor:                     16
NBFS:                           64
graph_generation:               0.0667841
num_mpi_processes:              8
construction_time:              0.0734351
min_time:                       0.00539494
firstquartile_time:             0.00556958
median_time:                    0.00563705
thirdquartile_time:             0.00572646
max_time:                       0.00666595
mean_time:                      0.00567134
stddev_time:                    0.000198566
min_nedge:                      524285
firstquartile_nedge:            524285
median_nedge:                   524285
thirdquartile_nedge:            524285
max_nedge:                      524285
mean_nedge:                     524285
stddev_nedge:                   0
min_TEPS:                       7.86513e+07
firstquartile_TEPS:             9.15549e+07
median_TEPS:                    9.3007e+07
thirdquartile_TEPS:             9.41337e+07
max_TEPS:                       9.7181e+07
harmonic_mean_TEPS:             9.24446e+07
harmonic_stddev_TEPS:           407784
min_validate:                   32.6798
firstquartile_validate:         54.4835
median_validate:                55.6331
thirdquartile_validate:         57.5613
max_validate:                   59.2814
mean_validate:                  53.492
stddev_validate:                7.33274
