SCALE:                          15
edgefactor:                     16
NBFS:                           64
graph_generation:               0.0678802
num_mpi_processes:              8
construction_time:              0.073992
min_time:                       0.00539994
firstquartile_time:             0.00556397
median_time:                    0.00562465
thirdquartile_time:             0.0057199
max_time:                       0.00673604
mean_time:                      0.00566356
stddev_time:                    0.00020536
min_nedge:                      524285
firstquartile_nedge:            524285
median_nedge:                   524285
thirdquartile_nedge:            524285
max_nedge:                      524285
mean_nedge:                     524285
stddev_nedge:                   0
min_TEPS:                       7.78328e+07
firstquartile_TEPS:             9.16598e+07
median_TEPS:                    9.3212e+07
thirdquartile_TEPS:             9.42285e+07
max_TEPS:                       9.70909e+07
harmonic_mean_TEPS:             9.25717e+07
harmonic_stddev_TEPS:           422897
min_validate:                   32.6345
firstquartile_validate:         37.8399
median_validate:                55.6297
thirdquartile_validate:         57.391
max_validate:                   59.3874
mean_validate:                  51.1294
stddev_validate:                9.20213
