SCALE:                          12
edgefactor:                     16
NBFS:                           64
graph_generation:               0.024581
num_mpi_processes:              4
construction_time:              0.013684
min_time:                       0.0014081
firstquartile_time:             0.00142598
median_time:                    0.00143266
thirdquartile_time:             0.00145507
max_time:                       0.00178385
mean_time:                      0.00144804
stddev_time:                    5.45638e-05
min_nedge:                      65535
firstquartile_nedge:            65535
median_nedge:                   65535
thirdquartile_nedge:            65535
max_nedge:                      65535
mean_nedge:                     65535
stddev_nedge:                   0
min_TEPS:                       3.6738e+07
firstquartile_TEPS:             4.50391e+07
median_TEPS:                    4.57437e+07
thirdquartile_TEPS:             4.59578e+07
max_TEPS:                       4.65414e+07
harmonic_mean_TEPS:             4.52579e+07
harmonic_stddev_TEPS:           214857
min_validate:                   1.02763
firstquartile_validate:         1.21932
median_validate:                1.37112
thirdquartile_validate:         1.58737
max_validate:                   1.9172
mean_validate:                  1.40232
stddev_validate:                0.218853
