SCALE:                          15
edgefactor:                     16
NBFS:                           64
graph_generation:               0.068269
num_mpi_processes:              8
construction_time:              0.073837
min_time:                       0.00539613
firstquartile_time:             0.00546908
median_time:                    0.00552106
thirdquartile_time:             0.00558197
max_time:                       0.00680017
mean_time:                      0.00555773
stddev_time:                    0.000186243
min_nedge:                      524285
firstquartile_nedge:            524285
median_nedge:                   524285
thirdquartile_nedge:            524285
max_nedge:                      524285
mean_nedge:                     524285
stddev_nedge:                   0
min_TEPS:                       7.70988e+07
firstquartile_TEPS:             9.39246e+07
median_TEPS:                    9.49609e+07
thirdquartile_TEPS:             9.58634e+07
max_TEPS:                       9.71595e+07
harmonic_mean_TEPS:             9.43344e+07
harmonic_stddev_TEPS:           398274
min_validate:                   32.7496
firstquartile_validate:         38.1202
median_validate:                38.9629
thirdquartile_validate:         40.7844
max_validate:                   43.3821
mean_validate:                  39.3063
stddev_validate:                2.15517
