SCALE:                          15
edgefactor:                     16
NBFS:                           64
graph_generation:               0.067852
num_mpi_processes:              8
construction_time:              0.0829849
min_time:                       0.0054009
firstquartile_time:             0.00553751
median_time:                    0.0056076
thirdquartile_time:             0.00570452
max_time:                       0.00673294
mean_time:                      0.00564937
stddev_time:                    0.000193805
min_nedge:                      524285
firstquartile_nedge:            524285
median_nedge:                   524285
thirdquartile_nedge:            524285
max_nedge:                      524285
mean_nedge:                     524285
stddev_nedge:                   0
min_TEPS:                       7.78686e+07
firstquartile_TEPS:             9.19069e+07
median_TEPS:                    9.34954e+07
thirdquartile_TEPS:             9.46788e+07
max_TEPS:                       9.70737e+07
harmonic_mean_TEPS:             9.28042e+07
harmonic_stddev_TEPS:           401109
min_validate:                   32.5431
firstquartile_validate:         37.853
median_validate:                55.7546
thirdquartile_validate:         57.7006
max_validate:                   59.44
mean_validate:                  50.4497
stddev_validate:                9.59136
