SCALE:                          15
edgefactor:                     16
NBFS:                           64
graph_generation:               0.068285
num_mpi_processes:              8
construction_time:              0.0739949
min_time:                       0.00539303
firstquartile_time:             0.00547469
median_time:                    0.00553441
thirdquartile_time:             0.00560641
max_time:                       0.00678301
mean_time:                      0.00558346
stddev_time:                    0.000232895
min_nedge:                      524285
firstquartile_nedge:            524285
median_nedge:                   524285
thirdquartile_nedge:            524285
max_nedge:                      524285
mean_nedge:                     524285
stddev_nedge:                   0
min_TEPS:                       7.72939e+07
firstquartile_TEPS:             9.35152e+07
median_TEPS:                    9.47319e+07
thirdquartile_TEPS:             9.57653e+07
max_TEPS:                       9.72153e+07
harmonic_mean_TEPS:             9.38997e+07
harmonic_stddev_TEPS:           493460
min_validate:                   32.4964
firstquartile_validate:         37.9138
median_validate:                39.1168
thirdquartile_validate:         40.7912
max_validate:                   42.9992
mean_validate:                  39.1899
stddev_validate:                2.11843
