SCALE:                          9
edgefactor:                     16
NBFS:                           64
graph_generation:               0.0177982
num_mpi_processes:              4
construction_time:              0.00423098
min_time:                       0.000227928
firstquartile_time:             0.000247002
median_time:                    0.000257015
thirdquartile_time:             0.000263929
max_time:                       0.000293016
mean_time:                      0.00025503
stddev_time:                    1.27008e-05
min_nedge:                      8192
firstquartile_nedge:            8192
median_nedge:                   8192
thirdquartile_nedge:            8192
max_nedge:                      8192
mean_nedge:                     8192
stddev_nedge:                   0
min_TEPS:                       2.79575e+07
firstquartile_TEPS:             3.10386e+07
median_TEPS:                    3.18736e+07
thirdquartile_TEPS:             3.31658e+07
max_TEPS:                       3.59411e+07
harmonic_mean_TEPS:             3.21218e+07
harmonic_stddev_TEPS:           201544
min_validate:                   0.0970378
firstquartile_validate:         0.114467
median_validate:                0.129148
thirdquartile_validate:         0.152084
max_validate:                   0.181843
mean_validate:                  0.133019
stddev_validate:                0.0235555
