SCALE:                          12
edgefactor:                     16
NBFS:                           64
graph_generation:               0.022753
num_mpi_processes:              4
construction_time:              0.0128632
min_time:                       0.001405
firstquartile_time:             0.001423
median_time:                    0.00143003
thirdquartile_time:             0.00145149
max_time:                       0.0018239
mean_time:                      0.00144492
stddev_time:                    5.82747e-05
min_nedge:                      65535
firstquartile_nedge:            65535
median_nedge:                   65535
thirdquartile_nedge:            65535
max_nedge:                      65535
mean_nedge:                     65535
stddev_nedge:                   0
min_TEPS:                       3.59312e+07
firstquartile_TEPS:             4.51501e+07
median_TEPS:                    4.58276e+07
thirdquartile_TEPS:             4.60541e+07
max_TEPS:                       4.66441e+07
harmonic_mean_TEPS:             4.53555e+07
harmonic_stddev_TEPS:           230461
min_validate:                   1.0249
firstquartile_validate:         1.21715
median_validate:                1.40419
thirdquartile_validate:         1.5689
max_validate:                   2.08207
mean_validate:                  1.41357
stddev_validate:                0.228925
