SCALE:                          9
edgefactor:                     16
NBFS:                           64
graph_generation:               0.0184722
num_mpi_processes:              4
construction_time:              0.00422812
min_time:                       0.000230074
firstquartile_time:             0.000244021
median_time:                    0.000254035
thirdquartile_time:             0.000264645
max_time:                       0.000283957
mean_time:                      0.000254244
stddev_time:                    1.24946e-05
min_nedge:                      8192
firstquartile_nedge:            8192
median_nedge:                   8192
thirdquartile_nedge:            8192
max_nedge:                      8192
mean_nedge:                     8192
stddev_nedge:                   0
min_TEPS:                       2.88495e+07
firstquartile_TEPS:             3.09547e+07
median_TEPS:                    3.22475e+07
thirdquartile_TEPS:             3.35708e+07
max_TEPS:                       3.56059e+07
harmonic_mean_TEPS:             3.22211e+07
harmonic_stddev_TEPS:           199499
min_validate:                   0.0975289
firstquartile_validate:         0.114315
median_validate:                0.130257
thirdquartile_validate:         0.15569
max_validate:                   0.182458
mean_validate:                  0.134404
stddev_validate:                0.0246283
