SCALE:                          15
edgefactor:                     16
NBFS:                           64
graph_generation:               0.0657032
num_mpi_processes:              4
construction_time:              0.0738451
min_time:                       0.00964999
firstquartile_time:             0.00976741
median_time:                    0.00981116
thirdquartile_time:             0.00989664
max_time:                       0.0104702
mean_time:                      0.00985626
stddev_time:                    0.000148115
min_nedge:                      524285
firstquartile_nedge:            524285
median_nedge:                   524285
thirdquartile_nedge:            524285
max_nedge:                      524285
mean_nedge:                     524285
stddev_nedge:                   0
min_TEPS:                       5.00742e+07
firstquartile_TEPS:             5.29761e+07
median_TEPS:                    5.34376e+07
thirdquartile_TEPS:             5.3677e+07
max_TEPS:                       5.43301e+07
harmonic_mean_TEPS:             5.31931e+07
harmonic_stddev_TEPS:           100710
min_validate:                   47.4992
firstquartile_validate:         58.6622
median_validate:                61.5841
thirdquartile_validate:         64.5321
max_validate:                   94.3717
mean_validate:                  64.4616
stddev_validate:                11.8106
