SCALE:                          9
edgefactor:                     16
NBFS:                           64
graph_generation:               0.0187802
num_mpi_processes:              4
construction_time:              0.00494289
min_time:                       0.000231981
firstquartile_time:             0.000245929
median_time:                    0.000255942
thirdquartile_time:             0.000263095
max_time:                       0.000280857
mean_time:                      0.000254594
stddev_time:                    1.13866e-05
min_nedge:                      8192
firstquartile_nedge:            8192
median_nedge:                   8192
thirdquartile_nedge:            8192
max_nedge:                      8192
mean_nedge:                     8192
stddev_nedge:                   0
min_TEPS:                       2.91679e+07
firstquartile_TEPS:             3.11371e+07
median_TEPS:                    3.20072e+07
thirdquartile_TEPS:             3.33105e+07
max_TEPS:                       3.53132e+07
harmonic_mean_TEPS:             3.21767e+07
harmonic_stddev_TEPS:           181308
min_validate:                   0.0973201
firstquartile_validate:         0.114052
median_validate:                0.129241
thirdquartile_validate:         0.148251
max_validate:                   0.17193
mean_validate:                  0.131267
stddev_validate:                0.0211433
