SCALE:                          15
edgefactor:                     16
NBFS:                           64
graph_generation:               0.0669651
num_mpi_processes:              8
construction_time:              0.0737741
min_time:                       0.00539804
firstquartile_time:             0.00548506
median_time:                    0.00555503
thirdquartile_time:             0.00564599
max_time:                       0.00669003
mean_time:                      0.00560079
stddev_time:                    0.000190293
min_nedge:                      524285
firstquartile_nedge:            524285
median_nedge:                   524285
thirdquartile_nedge:            524285
max_nedge:                      524285
mean_nedge:                     524285
stddev_nedge:                   0
min_TEPS:                       7.83682e+07
firstquartile_TEPS:             9.28597e+07
median_TEPS:                    9.43802e+07
thirdquartile_TEPS:             9.55842e+07
max_TEPS:                       9.71252e+07
harmonic_mean_TEPS:             9.36091e+07
harmonic_stddev_TEPS:           400703
min_validate:                   33.2062
firstquartile_validate:         38.0995
median_validate:                39.419
thirdquartile_validate:         47.28
max_validate:                   59.9754
mean_validate:                  43.2587
stddev_validate:                8.14656
