SCALE:                          15
edgefactor:                     16
NBFS:                           64
graph_generation:               0.0673389
num_mpi_processes:              8
construction_time:              0.083354
min_time:                       0.005409
firstquartile_time:             0.00555158
median_time:                    0.00563002
thirdquartile_time:             0.00572705
max_time:                       0.00667906
mean_time:                      0.00565227
stddev_time:                    0.000183971
min_nedge:                      524285
firstquartile_nedge:            524285
median_nedge:                   524285
thirdquartile_nedge:            524285
max_nedge:                      524285
mean_nedge:                     524285
stddev_nedge:                   0
min_TEPS:                       7.84968e+07
firstquartile_TEPS:             9.15453e+07
median_TEPS:                    9.31232e+07
thirdquartile_TEPS:             9.44389e+07
max_TEPS:                       9.69282e+07
harmonic_mean_TEPS:             9.27566e+07
harmonic_stddev_TEPS:           380365
min_validate:                   32.4968
firstquartile_validate:         54.0041
median_validate:                56.4388
thirdquartile_validate:         58.0364
max_validate:                   61.1384
mean_validate:                  53.4749
stddev_validate:                8.00215
