SCALE:                          9
edgefactor:                     16
NBFS:                           64
graph_generation:               0.0185802
num_mpi_processes:              4
construction_time:              0.00417495
min_time:                       0.000228882
firstquartile_time:             0.000247955
median_time:                    0.000257492
thirdquartile_time:             0.000265598
max_time:                       0.000282049
mean_time:                      0.000255987
stddev_time:                    1.23847e-05
min_nedge:                      8192
firstquartile_nedge:            8192
median_nedge:                   8192
thirdquartile_nedge:            8192
max_nedge:                      8192
mean_nedge:                     8192
stddev_nedge:                   0
min_TEPS:                       2.90446e+07
firstquartile_TEPS:             3.08436e+07
median_TEPS:                    3.18146e+07
thirdquartile_TEPS:             3.30382e+07
max_TEPS:                       3.57914e+07
harmonic_mean_TEPS:             3.20016e+07
harmonic_stddev_TEPS:           195061
min_validate:                   0.0963159
firstquartile_validate:         0.113421
median_validate:                0.132573
thirdquartile_validate:         0.156941
max_validate:                   0.181062
mean_validate:                  0.135136
stddev_validate:                0.0248792
