SCALE:                          15
edgefactor:                     16
NBFS:                           64
graph_generation:               0.0684719
num_mpi_processes:              8
construction_time:              0.073741
min_time:                       0.00538301
firstquartile_time:             0.00546801
median_time:                    0.00551653
thirdquartile_time:             0.00557542
max_time:                       0.00673985
mean_time:                      0.00555371
stddev_time:                    0.000182467
min_nedge:                      524285
firstquartile_nedge:            524285
median_nedge:                   524285
thirdquartile_nedge:            524285
max_nedge:                      524285
mean_nedge:                     524285
stddev_nedge:                   0
min_TEPS:                       7.77888e+07
firstquartile_TEPS:             9.40351e+07
median_TEPS:                    9.50389e+07
thirdquartile_TEPS:             9.58822e+07
max_TEPS:                       9.73962e+07
harmonic_mean_TEPS:             9.44027e+07
harmonic_stddev_TEPS:           390764
min_validate:                   32.6401
firstquartile_validate:         38.1286
median_validate:                39.0644
thirdquartile_validate:         40.4594
max_validate:                   42.1245
mean_validate:                  39.0688
stddev_validate:                1.92249
