SCALE:                          9
edgefactor:                     16
NBFS:                           64
graph_generation:               0.0226629
num_mpi_processes:              8
construction_time:              0.0104499
min_time:                       0.000232935
firstquartile_time:             0.000248432
median_time:                    0.000277042
thirdquartile_time:             0.000285983
max_time:                       0.000463009
mean_time:                      0.000274584
stddev_time:                    3.5594e-05
min_nedge:                      8192
firstquartile_nedge:            8192
median_nedge:                   8192
thirdquartile_nedge:            8192
max_nedge:                      8192
mean_nedge:                     8192
stddev_nedge:                   0
min_TEPS:                       1.7693e+07
firstquartile_TEPS:             2.86451e+07
median_TEPS:                    2.95695e+07
thirdquartile_TEPS:             3.29748e+07
max_TEPS:                       3.51686e+07
harmonic_mean_TEPS:             2.98343e+07
harmonic_stddev_TEPS:           487245
min_validate:                   0.104065
firstquartile_validate:         0.119668
median_validate:                0.134872
thirdquartile_validate:         0.153698
max_validate:                   0.18043
mean_validate:                  0.137638
stddev_validate:                0.0217296
