SCALE:                          9
edgefactor:                     16
NBFS:                           64
graph_generation:               0.0231788
num_mpi_processes:              8
construction_time:              0.010515
min_time:                       0.000234842
firstquartile_time:             0.000251055
median_time:                    0.000277042
thirdquartile_time:             0.00028491
max_time:                       0.000457048
mean_time:                      0.000271987
stddev_time:                    3.04656e-05
min_nedge:                      8192
firstquartile_nedge:            8192
median_nedge:                   8192
thirdquartile_nedge:            8192
max_nedge:                      8192
mean_nedge:                     8192
stddev_nedge:                   0
min_TEPS:                       1.79237e+07
firstquartile_TEPS:             2.87529e+07
median_TEPS:                    2.95695e+07
thirdquartile_TEPS:             3.26303e+07
max_TEPS:                       3.4883e+07
harmonic_mean_TEPS:             3.01191e+07
harmonic_stddev_TEPS:           425043
min_validate:                   0.105671
firstquartile_validate:         0.120312
median_validate:                0.135756
thirdquartile_validate:         0.155897
max_validate:                   0.177893
mean_validate:                  0.138204
stddev_validate:                0.0212376
