SCALE:                          12
edgefactor:                     16
NBFS:                           64
graph_generation:               0.0264399
num_mpi_processes:              8
construction_time:              0.018363
min_time:                       0.000982046
firstquartile_time:             0.00100899
median_time:                    0.00101995
thirdquartile_time:             0.00104606
max_time:                       0.0027771
mean_time:                      0.00107218
stddev_time:                    0.00026768
min_nedge:                      65535
firstquartile_nedge:            65535
median_nedge:                   65535
thirdquartile_nedge:            65535
max_nedge:                      65535
mean_nedge:                     65535
stddev_nedge:                   0
min_TEPS:                       2.35984e+07
firstquartile_TEPS:             6.26493e+07
median_TEPS:                    6.42529e+07
thirdquartile_TEPS:             6.49513e+07
max_TEPS:                       6.67331e+07
harmonic_mean_TEPS:             6.11229e+07
harmonic_stddev_TEPS:           1.92257e+06
min_validate:                   1.05857
firstquartile_validate:         1.31785
median_validate:                1.47443
thirdquartile_validate:         1.56963
max_validate:                   1.82627
mean_validate:                  1.44218
stddev_validate:                0.167901
