SCALE:                          15
edgefactor:                     16
NBFS:                           64
graph_generation:               0.0671878
num_mpi_processes:              8
construction_time:              0.0737338
min_time:                       0.00539398
firstquartile_time:             0.00547004
median_time:                    0.00552249
thirdquartile_time:             0.00560248
max_time:                       0.00665808
mean_time:                      0.00556563
stddev_time:                    0.000181378
min_nedge:                      524285
firstquartile_nedge:            524285
median_nedge:                   524285
thirdquartile_nedge:            524285
max_nedge:                      524285
mean_nedge:                     524285
stddev_nedge:                   0
min_TEPS:                       7.87442e+07
firstquartile_TEPS:             9.35809e+07
median_TEPS:                    9.49363e+07
thirdquartile_TEPS:             9.58467e+07
max_TEPS:                       9.71981e+07
harmonic_mean_TEPS:             9.42004e+07
harmonic_stddev_TEPS:           386769
min_validate:                   32.4668
firstquartile_validate:         38.1761
median_validate:                39.1536
thirdquartile_validate:         40.7096
max_validate:                   53.7162
mean_validate:                  39.3806
stddev_validate:                2.65613
