SCALE:                          15
edgefactor:                     16
NBFS:                           64
graph_generation:               0.06826
num_mpi_processes:              8
construction_time:              0.0732479
min_time:                       0.00537896
firstquartile_time:             0.00546944
median_time:                    0.00552762
thirdquartile_time:             0.00559545
max_time:                       0.00678015
mean_time:                      0.00557211
stddev_time:                    0.000190214
min_nedge:                      524285
firstquartile_nedge:            524285
median_nedge:                   524285
thirdquartile_nedge:            524285
max_nedge:                      524285
mean_nedge:                     524285
stddev_nedge:                   0
min_TEPS:                       7.73265e+07
firstquartile_TEPS:             9.36985e+07
median_TEPS:                    9.48483e+07
thirdquartile_TEPS:             9.58571e+07
max_TEPS:                       9.74696e+07
harmonic_mean_TEPS:             9.40909e+07
harmonic_stddev_TEPS:           404669
min_validate:                   32.7135
firstquartile_validate:         38.2801
median_validate:                39.1393
thirdquartile_validate:         40.6546
max_validate:                   42.9787
mean_validate:                  39.307
stddev_validate:                2.08479
