SCALE:                          15
edgefactor:                     16
NBFS:                           64
graph_generation:               0.0678279
num_mpi_processes:              8
construction_time:              0.104196
min_time:                       0.00538683
firstquartile_time:             0.00547636
median_time:                    0.00552988
thirdquartile_time:             0.00559449
max_time:                       0.104924
mean_time:                      0.00713447
stddev_time:                    0.0124205
min_nedge:                      524285
firstquartile_nedge:            524285
median_nedge:                   524285
thirdquartile_nedge:            524285
max_nedge:                      524285
mean_nedge:                     524285
stddev_nedge:                   0
min_TEPS:                       4.99681e+06
firstquartile_TEPS:             9.37145e+07
median_TEPS:                    9.48095e+07
thirdquartile_TEPS:             9.57361e+07
max_TEPS:                       9.73272e+07
harmonic_mean_TEPS:             7.34862e+07
harmonic_stddev_TEPS:           1.61181e+07
min_validate:                   32.4471
firstquartile_validate:         37.8633
median_validate:                39.3028
thirdquartile_validate:         40.7433
max_validate:                   53.9878
mean_validate:                  39.4227
stddev_validate:                2.72599
