SCALE:                          9
edgefactor:                     16
NBFS:                           64
graph_generation:               0.0622041
num_mpi_processes:              8
construction_time:              0.0105979
min_time:                       0.000236034
firstquartile_time:             0.000247955
median_time:                    0.000275612
thirdquartile_time:             0.000285625
max_time:                       0.000473022
mean_time:                      0.000272088
stddev_time:                    3.24928e-05
min_nedge:                      8192
firstquartile_nedge:            8192
median_nedge:                   8192
thirdquartile_nedge:            8192
max_nedge:                      8192
mean_nedge:                     8192
stddev_nedge:                   0
min_TEPS:                       1.73184e+07
firstquartile_TEPS:             2.86809e+07
median_TEPS:                    2.9723e+07
thirdquartile_TEPS:             3.30382e+07
max_TEPS:                       3.47068e+07
harmonic_mean_TEPS:             3.01079e+07
harmonic_stddev_TEPS:           452990
min_validate:                   0.105478
firstquartile_validate:         0.122088
median_validate:                0.137174
thirdquartile_validate:         0.155607
max_validate:                   0.248343
mean_validate:                  0.140314
stddev_validate:                0.0245865
