SCALE:                          9
edgefactor:                     16
NBFS:                           64
graph_generation:               0.0246129
num_mpi_processes:              8
construction_time:              0.012223
min_time:                       0.000236988
firstquartile_time:             0.000250578
median_time:                    0.000280857
thirdquartile_time:             0.000288486
max_time:                       0.000498056
mean_time:                      0.000274736
stddev_time:                    3.47562e-05
min_nedge:                      8192
firstquartile_nedge:            8192
median_nedge:                   8192
thirdquartile_nedge:            8192
max_nedge:                      8192
mean_nedge:                     8192
stddev_nedge:                   0
min_TEPS:                       1.64479e+07
firstquartile_TEPS:             2.83965e+07
median_TEPS:                    2.91679e+07
thirdquartile_TEPS:             3.26924e+07
max_TEPS:                       3.45671e+07
harmonic_mean_TEPS:             2.98177e+07
harmonic_stddev_TEPS:           475248
min_validate:                   0.104584
firstquartile_validate:         0.120274
median_validate:                0.135701
thirdquartile_validate:         0.155321
max_validate:                   0.176762
mean_validate:                  0.138314
stddev_validate:                0.0211819
