SCALE:                          15
edgefactor:                     16
NBFS:                           64
graph_generation:               0.067224
num_mpi_processes:              8
construction_time:              0.073822
min_time:                       0.00538397
firstquartile_time:             0.00556588
median_time:                    0.00561535
thirdquartile_time:             0.005705
max_time:                       0.00672698
mean_time:                      0.0056534
stddev_time:                    0.0001879
min_nedge:                      524285
firstquartile_nedge:            524285
median_nedge:                   524285
thirdquartile_nedge:            524285
max_nedge:                      524285
mean_nedge:                     524285
stddev_nedge:                   0
min_TEPS:                       7.79376e+07
firstquartile_TEPS:             9.18992e+07
median_TEPS:                    9.33663e+07
thirdquartile_TEPS:             9.41962e+07
max_TEPS:                       9.73789e+07
harmonic_mean_TEPS:             9.2738e+07
harmonic_stddev_TEPS:           388334
min_validate:                   32.4851
firstquartile_validate:         54.548
median_validate:                56.0144
thirdquartile_validate:         58.3077
max_validate:                   60.0974
mean_validate:                  52.5792
stddev_validate:                8.70421
