SCALE:                          12
edgefactor:                     16
NBFS:                           64
graph_generation:               0.0665531
num_mpi_processes:              8
construction_time:              0.0799408
min_time:                       0.000988007
firstquartile_time:             0.00101101
median_time:                    0.00102842
thirdquartile_time:             0.00104785
max_time:                       0.0601461
mean_time:                      0.00195628
stddev_time:                    0.00738928
min_nedge:                      65535
firstquartile_nedge:            65535
median_nedge:                   65535
thirdquartile_nedge:            65535
max_nedge:                      65535
mean_nedge:                     65535
stddev_nedge:                   0
min_TEPS:                       1.0896e+06
firstquartile_TEPS:             6.25424e+07
median_TEPS:                    6.37241e+07
thirdquartile_TEPS:             6.48211e+07
max_TEPS:                       6.63305e+07
harmonic_mean_TEPS:             3.34997e+07
harmonic_stddev_TEPS:           1.59419e+07
min_validate:                   1.05918
firstquartile_validate:         1.29637
median_validate:                1.51462
thirdquartile_validate:         1.70066
max_validate:                   2.1995
mean_validate:                  1.51979
stddev_validate:                0.253836
