SCALE:                          15
edgefactor:                     16
NBFS:                           64
graph_generation:               0.068496
num_mpi_processes:              8
construction_time:              0.0831811
min_time:                       0.00539899
firstquartile_time:             0.00549901
median_time:                    0.00558603
thirdquartile_time:             0.00566745
max_time:                       0.007128
mean_time:                      0.00563608
stddev_time:                    0.00028073
min_nedge:                      524285
firstquartile_nedge:            524285
median_nedge:                   524285
thirdquartile_nedge:            524285
max_nedge:                      524285
mean_nedge:                     524285
stddev_nedge:                   0
min_TEPS:                       7.35529e+07
firstquartile_TEPS:             9.25081e+07
median_TEPS:                    9.38565e+07
thirdquartile_TEPS:             9.53418e+07
max_TEPS:                       9.7108e+07
harmonic_mean_TEPS:             9.3023e+07
harmonic_stddev_TEPS:           583757
min_validate:                   32.73
firstquartile_validate:         37.7052
median_validate:                39.9373
thirdquartile_validate:         58.0924
max_validate:                   59.7979
mean_validate:                  47.4851
stddev_validate:                10.3406
