SCALE:                          9
edgefactor:                     16
NBFS:                           64
graph_generation:               0.0662711
num_mpi_processes:              8
construction_time:              0.037622
min_time:                       0.000233889
firstquartile_time:             0.000249386
median_time:                    0.000277519
thirdquartile_time:             0.000287056
max_time:                       0.000427008
mean_time:                      0.000272408
stddev_time:                    2.84151e-05
min_nedge:                      8192
firstquartile_nedge:            8192
median_nedge:                   8192
thirdquartile_nedge:            8192
max_nedge:                      8192
mean_nedge:                     8192
stddev_nedge:                   0
min_TEPS:                       1.91847e+07
firstquartile_TEPS:             2.8538e+07
median_TEPS:                    2.95187e+07
thirdquartile_TEPS:             3.28487e+07
max_TEPS:                       3.50252e+07
harmonic_mean_TEPS:             3.00725e+07
harmonic_stddev_TEPS:           395210
min_validate:                   0.103717
firstquartile_validate:         0.120788
median_validate:                0.135128
thirdquartile_validate:         0.156772
max_validate:                   0.182124
mean_validate:                  0.138611
stddev_validate:                0.0218255
