SCALE:                          9
edgefactor:                     16
NBFS:                           64
graph_generation:               0.0865901
num_mpi_processes:              8
construction_time:              0.0625761
min_time:                       0.000234842
firstquartile_time:             0.000249863
median_time:                    0.000279427
thirdquartile_time:             0.00028801
max_time:                       0.096014
mean_time:                      0.00176685
stddev_time:                    0.0119679
min_nedge:                      8192
firstquartile_nedge:            8192
median_nedge:                   8192
thirdquartile_nedge:            8192
max_nedge:                      8192
mean_nedge:                     8192
stddev_nedge:                   0
min_TEPS:                       85320.9
firstquartile_TEPS:             2.84435e+07
median_TEPS:                    2.93172e+07
thirdquartile_TEPS:             3.2786e+07
max_TEPS:                       3.4883e+07
harmonic_mean_TEPS:             4.6365e+06
harmonic_stddev_TEPS:           3.95675e+06
min_validate:                   0.103877
firstquartile_validate:         0.1189
median_validate:                0.137076
thirdquartile_validate:         0.161478
max_validate:                   0.234602
mean_validate:                  0.140602
stddev_validate:                0.025323
