SCALE:                          12
edgefactor:                     16
NBFS:                           64
graph_generation:               0.0862219
num_mpi_processes:              8
construction_time:              0.062083
min_time:                       0.000981092
firstquartile_time:             0.00100851
median_time:                    0.00102603
thirdquartile_time:             0.0010469
max_time:                       0.0832741
mean_time:                      0.00231556
stddev_time:                    0.0102805
min_nedge:                      65535
firstquartile_nedge:            65535
median_nedge:                   65535
thirdquartile_nedge:            65535
max_nedge:                      65535
mean_nedge:                     65535
stddev_nedge:                   0
min_TEPS:                       786979
firstquartile_TEPS:             6.25993e+07
median_TEPS:                    6.38721e+07
thirdquartile_TEPS:             6.4982e+07
max_TEPS:                       6.6798e+07
harmonic_mean_TEPS:             2.8302e+07
harmonic_stddev_TEPS:           1.58309e+07
min_validate:                   1.06296
firstquartile_validate:         1.27917
median_validate:                1.43129
thirdquartile_validate:         1.60357
max_validate:                   2.03945
mean_validate:                  1.44822
stddev_validate:                0.200536
