SCALE:                          15
edgefactor:                     16
NBFS:                           64
graph_generation:               0.0716748
num_mpi_processes:              16
construction_time:              0.104466
min_time:                       0.00267196
firstquartile_time:             0.00280261
median_time:                    0.00319755
thirdquartile_time:             0.00338197
max_time:                       0.0241251
mean_time:                      0.00343722
stddev_time:                    0.00264573
min_nedge:                      524288
firstquartile_nedge:            524288
median_nedge:                   524288
thirdquartile_nedge:            524288
max_nedge:                      524288
mean_nedge:                     524288
stddev_nedge:                   0
min_TEPS:                       2.17321e+07
firstquartile_TEPS:             1.55025e+08
median_TEPS:                    1.63965e+08
thirdquartile_TEPS:             1.87071e+08
max_TEPS:                       1.96219e+08
harmonic_mean_TEPS:             1.52532e+08
harmonic_stddev_TEPS:           1.47921e+07
