SCALE:                          12
edgefactor:                     16
NBFS:                           64
graph_generation:               0.030262
num_mpi_processes:              16
construction_time:              0.0671561
min_time:                       0.000735044
firstquartile_time:             0.000779986
median_time:                    0.000801563
thirdquartile_time:             0.000840068
max_time:                       0.0138061
mean_time:                      0.00107495
stddev_time:                    0.00167723
min_nedge:                      65536
firstquartile_nedge:            65536
median_nedge:                   65536
thirdquartile_nedge:            65536
max_nedge:                      65536
mean_nedge:                     65536
stddev_nedge:                   0
min_TEPS:                       4.74689e+06
firstquartile_TEPS:             7.80127e+07
median_TEPS:                    8.17602e+07
thirdquartile_TEPS:             8.4022e+07
max_TEPS:                       8.91592e+07
harmonic_mean_TEPS:             6.09663e+07
harmonic_stddev_TEPS:           1.19845e+07
