SCALE:                          18
edgefactor:                     16
NBFS:                           64
graph_generation:               0.408724
num_mpi_processes:              16
construction_time:              0.551725
min_time:                       0.01805
firstquartile_time:             0.0183781
median_time:                    0.018649
thirdquartile_time:             0.018991
max_time:                       0.044301
mean_time:                      0.0192997
stddev_time:                    0.00334374
min_nedge:                      4194304
firstquartile_nedge:            4194304
median_nedge:                   4194304
thirdquartile_nedge:            4194304
max_nedge:                      4194304
mean_nedge:                     4194304
stddev_nedge:                   0
min_TEPS:                       9.46773e+07
firstquartile_TEPS:             2.20858e+08
median_TEPS:                    2.24908e+08
thirdquartile_TEPS:             2.28222e+08
max_TEPS:                       2.32372e+08
harmonic_mean_TEPS:             2.17325e+08
harmonic_stddev_TEPS:           4.74373e+06
