SCALE:                          9
edgefactor:                     16
NBFS:                           64
graph_generation:               0.0252998
num_mpi_processes:              16
construction_time:              0.0593622
min_time:                       0.000259876
firstquartile_time:             0.000271678
median_time:                    0.000308514
thirdquartile_time:             0.000319958
max_time:                       0.0159628
mean_time:                      0.000603437
stddev_time:                    0.00198179
min_nedge:                      8192
firstquartile_nedge:            8192
median_nedge:                   8192
thirdquartile_nedge:            8192
max_nedge:                      8192
mean_nedge:                     8192
stddev_nedge:                   0
min_TEPS:                       513192
firstquartile_TEPS:             2.56034e+07
median_TEPS:                    2.65531e+07
thirdquartile_TEPS:             3.01533e+07
max_TEPS:                       3.15227e+07
harmonic_mean_TEPS:             1.35756e+07
harmonic_stddev_TEPS:           5.61712e+06
