SCALE:                          21
edgefactor:                     16
NBFS:                           64
graph_generation:               0.874048
num_mpi_processes:              16
construction_time:              1.30444
min_time:                       0.140405
firstquartile_time:             0.141432
median_time:                    0.141899
thirdquartile_time:             0.142959
max_time:                       0.308791
mean_time:                      0.14479
stddev_time:                    0.0208493
min_nedge:                      33554432
firstquartile_nedge:            33554432
median_nedge:                   33554432
thirdquartile_nedge:            33554432
max_nedge:                      33554432
mean_nedge:                     33554432
stddev_nedge:                   0
min_TEPS:                       1.08664e+08
firstquartile_TEPS:             2.34714e+08
median_TEPS:                    2.36468e+08
thirdquartile_TEPS:             2.37248e+08
max_TEPS:                       2.38983e+08
harmonic_mean_TEPS:             2.31745e+08
harmonic_stddev_TEPS:           4.20427e+06
