SCALE:                          24
edgefactor:                     16
NBFS:                           64
graph_generation:               1.78719
num_mpi_processes:              16
construction_time:              3.36376
min_time:                       1.18318
firstquartile_time:             1.18674
median_time:                    1.18887
thirdquartile_time:             1.19387
max_time:                       1.21283
mean_time:                      1.19115
stddev_time:                    0.00622076
min_nedge:                      268435456
firstquartile_nedge:            268435456
median_nedge:                   268435456
thirdquartile_nedge:            268435456
max_nedge:                      268435456
mean_nedge:                     268435456
stddev_nedge:                   0
min_TEPS:                       2.21331e+08
firstquartile_TEPS:             2.24845e+08
median_TEPS:                    2.2579e+08
thirdquartile_TEPS:             2.26196e+08
max_TEPS:                       2.26877e+08
harmonic_mean_TEPS:             2.25359e+08
harmonic_stddev_TEPS:           148280
