SCALE:                          30
edgefactor:                     16
NBFS:                           64
graph_generation:               139.848
num_mpi_processes:              16
construction_time:              796.316
min_time:                       96.2736
firstquartile_time:             96.3885
median_time:                    96.4463
thirdquartile_time:             96.5938
max_time:                       96.7966
mean_time:                      96.4829
stddev_time:                    0.135014
min_nedge:                      17179869184
firstquartile_nedge:            17179869184
median_nedge:                   17179869184
thirdquartile_nedge:            17179869184
max_nedge:                      17179869184
mean_nedge:                     17179869184
stddev_nedge:                   0
min_TEPS:                       1.77484e+08
firstquartile_TEPS:             1.77857e+08
median_TEPS:                    1.78129e+08
thirdquartile_TEPS:             1.78236e+08
max_TEPS:                       1.78448e+08
harmonic_mean_TEPS:             1.78061e+08
harmonic_stddev_TEPS:           31392.6
