SCALE:                          21
edgefactor:                     16
NBFS:                           64
graph_generation:               1.59234
num_mpi_processes:              2
construction_time:              3.05541
min_time:                       0.904519
firstquartile_time:             0.904987
median_time:                    0.905681
thirdquartile_time:             0.906587
max_time:                       1.01817
mean_time:                      0.908129
stddev_time:                    0.0144898
min_nedge:                      33554432
firstquartile_nedge:            33554432
median_nedge:                   33554432
thirdquartile_nedge:            33554432
max_nedge:                      33554432
mean_nedge:                     33554432
stddev_nedge:                   0
min_TEPS:                       3.29556e+07
firstquartile_TEPS:             3.70118e+07
median_TEPS:                    3.70488e+07
thirdquartile_TEPS:             3.70772e+07
max_TEPS:                       3.70964e+07
harmonic_mean_TEPS:             3.6949e+07
harmonic_stddev_TEPS:           74275.6
