SCALE:                          18
edgefactor:                     16
NBFS:                           64
graph_generation:               0.399629
num_mpi_processes:              2
construction_time:              0.566293
min_time:                       0.104895
firstquartile_time:             0.105128
median_time:                    0.105322
thirdquartile_time:             0.105557
max_time:                       0.128958
mean_time:                      0.105753
stddev_time:                    0.00297293
min_nedge:                      4194304
firstquartile_nedge:            4194304
median_nedge:                   4194304
thirdquartile_nedge:            4194304
max_nedge:                      4194304
mean_nedge:                     4194304
stddev_nedge:                   0
min_TEPS:                       3.25246e+07
firstquartile_TEPS:             3.9735e+07
median_TEPS:                    3.98234e+07
thirdquartile_TEPS:             3.98971e+07
max_TEPS:                       3.99857e+07
harmonic_mean_TEPS:             3.96615e+07
harmonic_stddev_TEPS:           140473
