SCALE:                          9
edgefactor:                     16
NBFS:                           64
graph_generation:               0.0146048
num_mpi_processes:              2
construction_time:              0.00198388
min_time:                       0.000272036
firstquartile_time:             0.000283003
median_time:                    0.000288963
thirdquartile_time:             0.00029397
max_time:                       0.000319958
mean_time:                      0.000289723
stddev_time:                    8.60248e-06
min_nedge:                      8192
firstquartile_nedge:            8192
median_nedge:                   8192
thirdquartile_nedge:            8192
max_nedge:                      8192
mean_nedge:                     8192
stddev_nedge:                   0
min_TEPS:                       2.56034e+07
firstquartile_TEPS:             2.78668e+07
median_TEPS:                    2.83496e+07
thirdquartile_TEPS:             2.89467e+07
max_TEPS:                       3.01137e+07
harmonic_mean_TEPS:             2.82753e+07
harmonic_stddev_TEPS:           105773
