SCALE:                          15
edgefactor:                     16
NBFS:                           64
graph_generation:               0.061311
num_mpi_processes:              2
construction_time:              0.084379
min_time:                       0.0126848
firstquartile_time:             0.0127546
median_time:                    0.0127866
thirdquartile_time:             0.0128571
max_time:                       0.016248
mean_time:                      0.0132154
stddev_time:                    0.00106582
min_nedge:                      524288
firstquartile_nedge:            524288
median_nedge:                   524288
thirdquartile_nedge:            524288
max_nedge:                      524288
mean_nedge:                     524288
stddev_nedge:                   0
min_TEPS:                       3.22679e+07
firstquartile_TEPS:             4.07782e+07
median_TEPS:                    4.10028e+07
thirdquartile_TEPS:             4.11059e+07
max_TEPS:                       4.13319e+07
harmonic_mean_TEPS:             3.96726e+07
harmonic_stddev_TEPS:           403112
