SCALE:                          24
edgefactor:                     16
NBFS:                           64
graph_generation:               14.0241
num_mpi_processes:              2
construction_time:              33.7084
min_time:                       7.55318
firstquartile_time:             7.55846
median_time:                    7.55991
thirdquartile_time:             7.56187
max_time:                       7.60152
mean_time:                      7.56176
stddev_time:                    0.00743539
min_nedge:                      268435456
firstquartile_nedge:            268435456
median_nedge:                   268435456
thirdquartile_nedge:            268435456
max_nedge:                      268435456
mean_nedge:                     268435456
stddev_nedge:                   0
min_TEPS:                       3.53134e+07
firstquartile_TEPS:             3.54986e+07
median_TEPS:                    3.55078e+07
thirdquartile_TEPS:             3.55146e+07
max_TEPS:                       3.55394e+07
harmonic_mean_TEPS:             3.5499e+07
harmonic_stddev_TEPS:           4397.72
