SCALE:                          12
edgefactor:                     16
NBFS:                           64
graph_generation:               0.057749
num_mpi_processes:              2
construction_time:              0.157357
min_time:                       0.00192189
firstquartile_time:             0.00194097
median_time:                    0.00195158
thirdquartile_time:             0.00197494
max_time:                       0.0130532
mean_time:                      0.00231665
stddev_time:                    0.00191634
min_nedge:                      65536
firstquartile_nedge:            65536
median_nedge:                   65536
thirdquartile_nedge:            65536
max_nedge:                      65536
mean_nedge:                     65536
stddev_nedge:                   0
min_TEPS:                       5.02069e+06
firstquartile_TEPS:             3.31838e+07
median_TEPS:                    3.35811e+07
thirdquartile_TEPS:             3.37646e+07
max_TEPS:                       3.40997e+07
harmonic_mean_TEPS:             2.82891e+07
harmonic_stddev_TEPS:           2.94824e+06
