SCALE:                          30
edgefactor:                     16
NBFS:                           64
graph_generation:               154.731
num_mpi_processes:              32
construction_time:              1952.62
min_time:                       70.5426
firstquartile_time:             70.7353
median_time:                    70.9422
thirdquartile_time:             71.1963
max_time:                       91.2428
mean_time:                      71.3759
stddev_time:                    2.59293
min_nedge:                      17179869184
firstquartile_nedge:            17179869184
median_nedge:                   17179869184
thirdquartile_nedge:            17179869184
max_nedge:                      17179869184
mean_nedge:                     17179869184
stddev_nedge:                   0
min_TEPS:                       1.88287e+08
firstquartile_TEPS:             2.41303e+08
median_TEPS:                    2.42167e+08
thirdquartile_TEPS:             2.42875e+08
max_TEPS:                       2.43539e+08
harmonic_mean_TEPS:             2.40696e+08
harmonic_stddev_TEPS:           1.10163e+06
