SCALE:                          12
edgefactor:                     16
NBFS:                           64
graph_generation:               0.023078
num_mpi_processes:              4
construction_time:              0.0137179
min_time:                       0.00134587
firstquartile_time:             0.00136399
median_time:                    0.0013715
thirdquartile_time:             0.00139105
max_time:                       0.00176215
mean_time:                      0.00138718
stddev_time:                    6.09479e-05
min_nedge:                      65536
firstquartile_nedge:            65536
median_nedge:                   65536
thirdquartile_nedge:            65536
max_nedge:                      65536
mean_nedge:                     65536
stddev_nedge:                   0
min_TEPS:                       3.71909e+07
firstquartile_TEPS:             4.71125e+07
median_TEPS:                    4.77841e+07
thirdquartile_TEPS:             4.80472e+07
max_TEPS:                       4.8694e+07
harmonic_mean_TEPS:             4.72441e+07
harmonic_stddev_TEPS:           261519
