SCALE:                          9
edgefactor:                     16
NBFS:                           64
graph_generation:               0.01844
num_mpi_processes:              4
construction_time:              0.00412607
min_time:                       0.000206947
firstquartile_time:             0.000214458
median_time:                    0.000226974
thirdquartile_time:             0.000232458
max_time:                       0.000733852
mean_time:                      0.00023365
stddev_time:                    6.4977e-05
min_nedge:                      8192
firstquartile_nedge:            8192
median_nedge:                   8192
thirdquartile_nedge:            8192
max_nedge:                      8192
mean_nedge:                     8192
stddev_nedge:                   0
min_TEPS:                       1.1163e+07
firstquartile_TEPS:             3.52408e+07
median_TEPS:                    3.60922e+07
thirdquartile_TEPS:             3.81987e+07
max_TEPS:                       3.9585e+07
harmonic_mean_TEPS:             3.5061e+07
harmonic_stddev_TEPS:           1.22842e+06
