SCALE:                          18
edgefactor:                     16
NBFS:                           64
graph_generation:               0.400965
num_mpi_processes:              4
construction_time:              0.559771
min_time:                       0.059118
firstquartile_time:             0.0593624
median_time:                    0.0595266
thirdquartile_time:             0.0599304
max_time:                       0.074966
mean_time:                      0.0600389
stddev_time:                    0.00235193
min_nedge:                      4194304
firstquartile_nedge:            4194304
median_nedge:                   4194304
thirdquartile_nedge:            4194304
max_nedge:                      4194304
mean_nedge:                     4194304
stddev_nedge:                   0
min_TEPS:                       5.59495e+07
firstquartile_TEPS:             6.99862e+07
median_TEPS:                    7.0461e+07
thirdquartile_TEPS:             7.06559e+07
max_TEPS:                       7.0948e+07
harmonic_mean_TEPS:             6.98598e+07
harmonic_stddev_TEPS:           344785
