SCALE:                          15
edgefactor:                     16
NBFS:                           64
graph_generation:               0.0646448
num_mpi_processes:              4
construction_time:              0.0737169
min_time:                       0.00771189
firstquartile_time:             0.00779259
median_time:                    0.00783002
thirdquartile_time:             0.00811005
max_time:                       0.0107698
mean_time:                      0.00824864
stddev_time:                    0.000781146
min_nedge:                      524288
firstquartile_nedge:            524288
median_nedge:                   524288
thirdquartile_nedge:            524288
max_nedge:                      524288
mean_nedge:                     524288
stddev_nedge:                   0
min_TEPS:                       4.86811e+07
firstquartile_TEPS:             6.46467e+07
median_TEPS:                    6.69587e+07
thirdquartile_TEPS:             6.72803e+07
max_TEPS:                       6.79844e+07
harmonic_mean_TEPS:             6.35606e+07
harmonic_stddev_TEPS:           758346
