SCALE:                          24
edgefactor:                     16
NBFS:                           64
graph_generation:               7.05039
num_mpi_processes:              4
construction_time:              14.358
min_time:                       4.22651
firstquartile_time:             4.23629
median_time:                    4.23799
thirdquartile_time:             4.24178
max_time:                       4.26187
mean_time:                      4.24037
stddev_time:                    0.00771354
min_nedge:                      268435456
firstquartile_nedge:            268435456
median_nedge:                   268435456
thirdquartile_nedge:            268435456
max_nedge:                      268435456
mean_nedge:                     268435456
stddev_nedge:                   0
min_TEPS:                       6.29854e+07
firstquartile_TEPS:             6.32837e+07
median_TEPS:                    6.33403e+07
thirdquartile_TEPS:             6.33656e+07
max_TEPS:                       6.35123e+07
harmonic_mean_TEPS:             6.33048e+07
harmonic_stddev_TEPS:           14508.3
