SCALE:                          21
edgefactor:                     16
NBFS:                           64
graph_generation:               0.839409
num_mpi_processes:              4
construction_time:              1.48474
min_time:                       0.497863
firstquartile_time:             0.498637
median_time:                    0.499506
thirdquartile_time:             0.500347
max_time:                       0.528073
mean_time:                      0.500042
stddev_time:                    0.00374561
min_nedge:                      33554432
firstquartile_nedge:            33554432
median_nedge:                   33554432
thirdquartile_nedge:            33554432
max_nedge:                      33554432
mean_nedge:                     33554432
stddev_nedge:                   0
min_TEPS:                       6.35413e+07
firstquartile_TEPS:             6.70623e+07
median_TEPS:                    6.71752e+07
thirdquartile_TEPS:             6.72922e+07
max_TEPS:                       6.73969e+07
harmonic_mean_TEPS:             6.71032e+07
harmonic_stddev_TEPS:           63327
