SCALE:                          15
edgefactor:                     16
NBFS:                           64
graph_generation:               0.0681062
num_mpi_processes:              8
construction_time:              0.072993
min_time:                       0.00429201
firstquartile_time:             0.00438404
median_time:                    0.00448608
thirdquartile_time:             0.00531459
max_time:                       0.00675297
mean_time:                      0.00483168
stddev_time:                    0.000542739
min_nedge:                      524288
firstquartile_nedge:            524288
median_nedge:                   524288
thirdquartile_nedge:            524288
max_nedge:                      524288
mean_nedge:                     524288
stddev_nedge:                   0
min_TEPS:                       7.76382e+07
firstquartile_TEPS:             9.86507e+07
median_TEPS:                    1.1687e+08
thirdquartile_TEPS:             1.1959e+08
max_TEPS:                       1.22154e+08
harmonic_mean_TEPS:             1.08511e+08
harmonic_stddev_TEPS:           1.53566e+06
