SCALE:                          30
edgefactor:                     16
NBFS:                           64
graph_generation:               279.179
num_mpi_processes:              8
construction_time:              3735.01
min_time:                       204.066
firstquartile_time:             204.646
median_time:                    210.388
thirdquartile_time:             210.531
max_time:                       210.873
mean_time:                      208.166
stddev_time:                    2.84168
min_nedge:                      17179869184
firstquartile_nedge:            17179869184
median_nedge:                   17179869184
thirdquartile_nedge:            17179869184
max_nedge:                      17179869184
mean_nedge:                     17179869184
stddev_nedge:                   0
min_TEPS:                       8.14703e+07
firstquartile_TEPS:             8.16025e+07
median_TEPS:                    8.1658e+07
thirdquartile_TEPS:             8.39494e+07
max_TEPS:                       8.41879e+07
harmonic_mean_TEPS:             8.25297e+07
harmonic_stddev_TEPS:           141940
