SCALE:                          12
edgefactor:                     16
NBFS:                           64
graph_generation:               0.026058
num_mpi_processes:              8
construction_time:              0.018239
min_time:                       0.000913143
firstquartile_time:             0.000945091
median_time:                    0.000958443
thirdquartile_time:             0.000975847
max_time:                       0.00273299
mean_time:                      0.00100041
stddev_time:                    0.000230141
min_nedge:                      65536
firstquartile_nedge:            65536
median_nedge:                   65536
thirdquartile_nedge:            65536
max_nedge:                      65536
mean_nedge:                     65536
stddev_nedge:                   0
min_TEPS:                       2.39796e+07
firstquartile_TEPS:             6.71581e+07
median_TEPS:                    6.83776e+07
thirdquartile_TEPS:             6.93436e+07
max_TEPS:                       7.17697e+07
harmonic_mean_TEPS:             6.5509e+07
harmonic_stddev_TEPS:           1.89865e+06
