SCALE:                          18
edgefactor:                     16
NBFS:                           64
graph_generation:               0.406443
num_mpi_processes:              8
construction_time:              0.517695
min_time:                       0.035418
firstquartile_time:             0.0356005
median_time:                    0.0357569
thirdquartile_time:             0.0361409
max_time:                       0.0429621
mean_time:                      0.0361648
stddev_time:                    0.00138237
min_nedge:                      4194304
firstquartile_nedge:            4194304
median_nedge:                   4194304
thirdquartile_nedge:            4194304
max_nedge:                      4194304
mean_nedge:                     4194304
stddev_nedge:                   0
min_TEPS:                       9.76281e+07
firstquartile_TEPS:             1.16054e+08
median_TEPS:                    1.173e+08
thirdquartile_TEPS:             1.17816e+08
max_TEPS:                       1.18423e+08
harmonic_mean_TEPS:             1.15978e+08
harmonic_stddev_TEPS:           558525
