SCALE:                          21
edgefactor:                     16
NBFS:                           64
graph_generation:               0.871201
num_mpi_processes:              8
construction_time:              1.31883
min_time:                       0.258472
firstquartile_time:             0.259619
median_time:                    0.260074
thirdquartile_time:             0.260846
max_time:                       0.284804
mean_time:                      0.260651
stddev_time:                    0.0032677
min_nedge:                      33554432
firstquartile_nedge:            33554432
median_nedge:                   33554432
thirdquartile_nedge:            33554432
max_nedge:                      33554432
mean_nedge:                     33554432
stddev_nedge:                   0
min_TEPS:                       1.17816e+08
firstquartile_TEPS:             1.28637e+08
median_TEPS:                    1.29019e+08
thirdquartile_TEPS:             1.29245e+08
max_TEPS:                       1.29818e+08
harmonic_mean_TEPS:             1.28733e+08
harmonic_stddev_TEPS:           203330
