SCALE:                          24
edgefactor:                     16
NBFS:                           64
graph_generation:               3.55293
num_mpi_processes:              8
construction_time:              6.53794
min_time:                       2.17549
firstquartile_time:             2.18063
median_time:                    2.18374
thirdquartile_time:             2.18955
max_time:                       2.27613
mean_time:                      2.18682
stddev_time:                    0.0134519
min_nedge:                      268435456
firstquartile_nedge:            268435456
median_nedge:                   268435456
thirdquartile_nedge:            268435456
max_nedge:                      268435456
mean_nedge:                     268435456
stddev_nedge:                   0
min_TEPS:                       1.17935e+08
firstquartile_TEPS:             1.22599e+08
median_TEPS:                    1.22925e+08
thirdquartile_TEPS:             1.231e+08
max_TEPS:                       1.23391e+08
harmonic_mean_TEPS:             1.22752e+08
harmonic_stddev_TEPS:           95131.8
