SCALE:                          9
edgefactor:                     16
NBFS:                           64
graph_generation:               0.0225689
num_mpi_processes:              8
construction_time:              0.0105262
min_time:                       0.00019598
firstquartile_time:             0.000208139
median_time:                    0.000230551
thirdquartile_time:             0.000238419
max_time:                       0.00163913
mean_time:                      0.000254795
stddev_time:                    0.000182018
min_nedge:                      8192
firstquartile_nedge:            8192
median_nedge:                   8192
thirdquartile_nedge:            8192
max_nedge:                      8192
mean_nedge:                     8192
stddev_nedge:                   0
min_TEPS:                       4.99778e+06
firstquartile_TEPS:             3.43597e+07
median_TEPS:                    3.55323e+07
thirdquartile_TEPS:             3.93582e+07
max_TEPS:                       4.18002e+07
harmonic_mean_TEPS:             3.21513e+07
harmonic_stddev_TEPS:           2.89369e+06
