SCALE: 14nvtx: 16384edgefactor: 16terasize: 4.19430399999999992e-06A: 5.69999999999999951e-01B: 1.90000000000000002e-01C: 1.90000000000000002e-01D: 5.00000000000000444e-02generation_time: 3.29351633000000033e-01construction_time: 8.81927499999999968e-03nbfs: 64min_time: 1.81860180000000017e-02firstquartile_time: 1.87818467500000010e-02median_time: 1.92196825000000016e-02thirdquartile_time: 2.02608485000000012e-02max_time: 2.37123350000000011e-02mean_time: 1.96918419687499985e-02stddev_time: 1.34893371234429214e-03min_nedge: 2.62141000000000000e+05firstquartile_nedge: 2.62141000000000000e+05median_nedge: 2.62141000000000000e+05thirdquartile_nedge: 2.62141000000000000e+05max_nedge: 2.62141000000000000e+05mean_nedge: 2.62141000000000000e+05stddev_nedge: 0.00000000000000000e+00min_TEPS: 1.10550479318042696e+07firstquartile_TEPS: 1.30572402308525909e+07median_TEPS: 1.36634934544551782e+07thirdquartile_TEPS: 1.40410024616411440e+07max_TEPS: 1.44144254118741099e+07harmonic_mean_TEPS: 1.33121624892178737e+07harmonic_stddev_TEPS: 1.14890098585440894e+05


SCALE: 18nvtx: 262144edgefactor: 16terasize: 6.71088639999999987e-05A: 5.69999999999999951e-01B: 1.90000000000000002e-01C: 1.90000000000000002e-01D: 5.00000000000000444e-02generation_time: 2.92832181469999995e+01construction_time: 1.48144980800000003e+00nbfs: 64min_time: 1.72874390999999994e+00firstquartile_time: 3.97445020900000001e+00median_time: 5.98592723550000017e+00thirdquartile_time: 6.24225873099999973e+00max_time: 6.75144160199999988e+00mean_time: 5.14664058757812537e+00stddev_time: 1.48686437408791483e+00min_nedge: 4.19426800000000000e+06firstquartile_nedge: 4.19426800000000000e+06median_nedge: 4.19426800000000000e+06thirdquartile_nedge: 4.19426800000000000e+06max_nedge: 4.19426800000000000e+06mean_nedge: 4.19426800000000000e+06stddev_nedge: 0.00000000000000000e+00min_TEPS: 6.21240358319550520e+05firstquartile_TEPS: 6.73623710182744544e+05median_TEPS: 7.04571284570267890e+05thirdquartile_TEPS: 1.12137590506577096e+06max_TEPS: 2.42619394101003651e+06harmonic_mean_TEPS: 8.14952575107583543e+05harmonic_stddev_TEPS: 2.96626246830010241e+04
